[349.228946609667,
 286.7002709966666,
 274.403262070871,
 244.8212835705316,
 251.2420103107941,
 251.6647428136556,
 270.9514070782,
 252.3179997325588,
 249.5264890072076,
 251.111643523661,
 230.5839799867383,
 222.8318144304397,
 227.5199891379401,
 220.1822409577585,
 236.4696140540949,
 193.993612583028,
 209.4217433950734,
 231.345567765385,
 202.0519959068062,
 208.806805402773,
 232.3267727308946,
 236.5163155691912,
 235.9841379491418,
 203.0874477531091,
 212.7495215749679,
 211.6485341747064,
 210.680031861039,
 192.6160123643698,
 217.2153439597015,
 218.4907999321511,
 197.0165099295899,
 207.5620379735543,
 203.2672033990502,
 208.5382029118868,
 179.956757055549,
 194.0599588912845,
 218.012462140403,
 214.6960831474543,
 210.4868135285297,
 195.712381046259,
 195.1574705457808,
 202.361075761324,
 214.6043252964309,
 206.317940130279,
 225.4316827851181,
 196.332417971231,
 205.0513305755098,
 207.582401959912,
 204.4116836597948,
 221.3656064587836,
 195.6916775703105,
 210.271436991425,
 193.3952417564449,
 207.3810846134334,
 196.921941988059,
 182.047825074236,
 190.032320325409,
 192.7423304293123,
 186.4048394662236,
 195.2525788286566,
 194.348729888677,
 199.8293393326792,
 200.7712052741294,
 185.2873971967885,
 195.8144521923166,
 189.0166294634594,
 206.6750445982693,
 207.33130804553,
 193.3102693407694,
 192.678408870751,
 189.9889105347966,
 196.749521665677,
 184.6053059915979,
 197.2956403471847,
 191.4300607666699,
 198.3909901618379,
 208.2049448572355,
 188.2073036848982,
 207.9087883285281,
 186.9597655071207,
 199.249764002976,
 204.914322874682,
 184.095771246066,
 188.413453590122,
 214.432842724293,
 191.7844188787914,
 181.7071786747757,
 189.8893284985004,
 206.378522808445,
 199.5817003980159,
 199.1389303451775,
 181.2431924347278,
 198.984392742726,
 193.5513003236714,
 189.9865869574241,
 197.7617462422317,
 198.1292246032228,
 193.263730863358,
 189.573186277249,
 201.2851654489096,
 184.0742461766081,
 174.429131785159,
 196.71226510083,
 195.955007580727,
 198.4121380277936,
 186.6895215895105,
 205.746671518175,
 186.4982386550781,
 178.566987450675,
 181.094244647715,
 179.0732170720751,
 189.0418472160725,
 200.268543498736,
 184.5073650843356,
 191.680908006824,
 190.3111727819035,
 190.717689011328,
 211.6141994674734,
 176.9087306417236,
 200.917826877961,
 197.9054950826371,
 178.4327228421527,
 180.6564648488971,
 190.7215693559845,
 192.4842857236041,
 183.8517369311551,
 193.6909457913126,
 183.81785851125,
 185.95871158135,
 198.2395005190598,
 195.6247962231,
 186.9913337602959,
 195.9038761931289,
 187.8985789432314,
 177.5610914573669,
 208.5571098350981,
 183.0063624674495,
 190.0743330813351,
 184.9399901506355,
 184.903259938093,
 182.2313965317089,
 180.6758737363572,
 195.9158119551509,
 187.1694132703057,
 193.3447473442978,
 197.0226473847304,
 179.4348256536086,
 188.3907834072395,
 179.528726355371,
 187.514841186457,
 183.663690418224,
 177.918504161927,
 201.0745198563862,
 198.8153218259379,
 188.816559497912,
 197.7681988233641,
 196.4211946202612,
 183.3481925001607,
 168.5043916220337,
 184.382318242854,
 203.219117215837,
 202.7128817000778,
 184.6515481535883,
 188.5562632570612,
 178.689060269505,
 192.0074344882786,
 189.2658431777503,
 197.529900816558,
 176.6517203737737,
 195.644012136338,
 180.8282881548017,
 204.1362046284493,
 205.8488227525048,
 191.5114030236528,
 192.51817126505,
 186.8787417062593,
 190.104946293344,
 172.7703953225221,
 188.1583468627097,
 184.4475984297262,
 197.5414241198858,
 185.0362598851502,
 194.4259843864582,
 195.8793208790547,
 191.3963916639257,
 191.9084215145494,
 195.493496778786,
 177.9787900522513,
 183.751777541533,
 179.1044043547341,
 202.1342033437712,
 200.3585421987042,
 199.592264997122,
 213.8932570095174,
 174.1614410750645,
 191.945039283856,
 191.0713917537042,
 189.0068965469134,
 193.6995395683827,
 188.50992641318,
 179.605023956334,
 187.1185259517855,
 186.8010451605252,
 194.4110670292541,
 187.09144171041,
 190.035635775832,
 184.8375563377486,
 182.7786497771126,
 192.810557059177,
 199.1447499404694,
 189.845628290763,
 192.1351900375299,
 188.3276503303003,
 193.4419068417681,
 178.6194049848766,
 201.2083411643857,
 160.7354780468234,
 183.6000918621988,
 190.58092134034,
 181.2505894860926,
 191.4679531208615,
 196.488183441608,
 191.7216207206724,
 184.4535846680289,
 196.9494213156433,
 186.754490340331,
 175.169477844602,
 178.671694326123,
 198.6928313069063,
 190.5607399030005,
 192.5148986697146,
 184.6364291219002,
 176.7771285889735,
 184.680252685411,
 191.64191450932,
 194.937426852058,
 190.997401196723,
 195.692858638688,
 184.903621370782,
 197.1799852790289,
 190.26693702802,
 174.8902035884632,
 176.094101144362,
 194.2185469551572,
 180.2149235700026,
 181.5233379114303,
 194.6906549782805,
 179.3344289007604,
 177.624650769413,
 182.8735447451403,
 181.8419712263985,
 174.6111928172168,
 186.2612770098372,
 193.2525228624659,
 175.127383759887,
 179.1639476451202,
 178.3749392442253,
 183.2587112748827,
 193.7863592478643,
 185.8263046982703,
 195.04676163133,
 180.809011983293,
 192.5886912249564,
 172.914022240657,
 184.4692821361053,
 183.0700620652583,
 169.3193952213336,
 193.5969852793621,
 181.1269077902721,
 184.411572338378,
 190.637675244531,
 178.1564932458132,
 197.638304313168,
 188.5192122819051,
 194.9532360660319,
 177.4314956950693,
 184.0850348522059,
 185.56523226522,
 180.4828656881819,
 173.069368374433,
 183.300094327274,
 195.549843623707,
 192.952305125264,
 172.9723748307789,
 193.8032921761579,
 167.103347794703,
 191.1514020884774,
 186.2876175796664,
 205.697179419654,
 186.136976541195,
 182.7462028772608,
 160.4958474907887,
 184.0686251485,
 167.3528505306754,
 182.233558379163,
 188.5337184600785,
 183.9555673695966,
 175.5277435514261,
 196.8444490197293,
 177.4956464160525,
 185.289407018398,
 204.222438604821,
 179.6419541537933,
 176.751052057355,
 190.016076811868,
 190.9029838560091,
 199.256173305359,
 173.0222709519945,
 189.639702288822,
 179.5713638146464,
 191.4929091762941,
 176.3306830908589,
 178.821864498741,
 182.6215848745812,
 182.4493768698577,
 188.3662520317469,
 173.5093165819742,
 191.428353705271,
 185.1425014718945,
 179.1259954793202,
 181.9456144754857,
 182.9911045573679,
 183.335072382669,
 181.9007472318987,
 169.758640960189,
 182.727018517989,
 183.713831832444,
 192.7098143565932,
 173.2066804119122,
 173.6172046647203,
 182.9957179956678,
 204.1682579425465,
 171.5999162408689,
 180.7194098273352,
 182.070593258325,
 187.9603726071283,
 171.3600818210664,
 180.3479553967271,
 155.6128876539626,
 170.1348702691926,
 186.0423738450542,
 181.798080355045,
 173.81310465888,
 172.111768112509,
 183.7412131663522,
 179.396810652662,
 183.820113863514,
 187.655288703417,
 194.3723768124909,
 194.284574117191,
 193.5232890483635,
 186.632657510358,
 167.744238930536,
 180.0999247734215,
 167.236304808754,
 188.3011010970812,
 182.9200168414767,
 191.9816681582538,
 192.1469012997156,
 177.68734871035,
 184.74628295735,
 198.8967705653044,
 186.4332799607187,
 192.5812926237829,
 183.1136513490833,
 179.225483120541,
 187.778524984651,
 186.874736551529,
 175.7107959872304,
 179.0073157330283,
 197.08381885581,
 190.5093277731293,
 189.476910815645,
 188.597108878817,
 185.8763835730734,
 182.322661150761,
 165.5856182686802,
 184.4635402665367,
 192.770374732624,
 175.7695781566046,
 176.3689631224328,
 197.1858227130892,
 190.5417404498563,
 168.7920682899937,
 196.7745559701966,
 182.7775405594708,
 185.7593660174316,
 187.2687691686292,
 189.230903475911,
 171.7478518569897,
 194.82144239239,
 185.727794779291,
 187.3097581475095,
 183.043807446627,
 162.752640663238,
 184.4190678122983,
 190.977591645819,
 188.193500728807,
 181.5882313406211,
 192.156228471757]