[309.440494412634,
 262.866326934503,
 261.3315544080128,
 276.6051026880756,
 243.68328548014,
 235.5888547768087,
 285.6554018508915,
 228.7612664309424,
 234.4900183274522,
 237.732470350189,
 213.2978245858015,
 233.5266836113871,
 227.516331609267,
 240.6034527468008,
 224.1668855732359,
 227.1795068830081,
 215.3673811197467,
 226.687860354659,
 213.928481130867,
 215.803542663989,
 213.8396357189613,
 201.670306699719,
 220.3913567060725,
 208.573645920561,
 209.541068290126,
 215.2842773311261,
 212.778467176472,
 215.0817312497008,
 202.1475530150739,
 221.169868109274,
 202.7647470739739,
 207.2782923710132,
 205.5826994042089,
 192.9625000475962,
 191.7705217949384,
 220.883828208144,
 219.7826008628218,
 199.6449258485136,
 206.3516298554638,
 212.169977888228,
 206.0710257621212,
 187.735766133046,
 193.2416867509477,
 215.0722739674903,
 214.2254260388676,
 171.11673938011,
 209.3551418581632,
 209.2540342006727,
 196.888158215352,
 190.8650897251856,
 181.1134629895988,
 185.0057328318104,
 215.1820829786581,
 209.129758633321,
 205.7577141041564,
 201.9700988063267,
 202.8690777648081,
 199.56568917641,
 205.8241881300273,
 197.3107260464331,
 207.9037140789653,
 193.8108698098528,
 204.494174516634,
 194.112397246353,
 203.0819283753699,
 186.592861036745,
 199.1726565970378,
 190.725646855168,
 186.136900255253,
 198.990266127997,
 204.7264815363596,
 202.8255265135316,
 191.335799903547,
 206.446051293347,
 206.3450615760317,
 207.8881899389663,
 212.5507739001151,
 193.9770036763824,
 194.8275314690732,
 192.7730301207377,
 197.9557014288482,
 197.444821551199,
 178.328450575433,
 195.3819620045788,
 182.2894566766517,
 193.697424947188,
 188.1945058969294,
 198.7324993794044,
 170.3701602300422,
 201.10574692574,
 198.5694537575971,
 187.0816497179279,
 188.456002481552,
 193.0039889029022,
 188.1869975889879,
 174.769004658462,
 188.3132377802585,
 206.508945502258,
 199.4315965409665,
 200.14025674473,
 195.2757599159146,
 186.755313700809,
 185.962576919552,
 187.2513878885765,
 185.321308642873,
 191.6807304898534,
 186.6527045165894,
 191.9262085574987,
 187.9505714210053,
 185.7043352073566,
 176.4993658094722,
 201.706201034126,
 205.3647845157403,
 190.628077153169,
 185.2617224051526,
 193.8062930638956,
 188.5522051552425,
 199.2343317235407,
 187.26799518864,
 194.3348552978638,
 187.1440545628467,
 192.6204836285577,
 194.291124925423,
 184.459673465959,
 190.6940482718086,
 191.2566389766999,
 184.375417165828,
 198.45980313162,
 185.7005580673812,
 190.0048355628563,
 193.7750953305878,
 188.713629351139,
 191.9228893295748,
 191.8101132248771,
 181.9444478307008,
 183.590666763865,
 196.674504634585,
 199.0637016108892,
 192.816571889571,
 196.7381891746487,
 172.023266035782,
 185.0172415101113,
 189.6898342109007,
 193.4351894067859,
 188.5356026746927,
 185.6575229611628,
 184.2744270741423,
 184.4944971530063,
 192.2436430848326,
 194.7780141097853,
 185.174014041251,
 188.601958581335,
 187.1968608296381,
 189.077642643536,
 184.918464633042,
 189.8477125430135,
 200.8550266699638,
 181.172711011446,
 173.3968090562281,
 171.9671816820344,
 194.5891281345806,
 201.9987759968787,
 183.918955253458,
 182.833098273203,
 177.3883368613515,
 204.6243402212233,
 199.0986707317475,
 177.4086746063254,
 173.2571165585028,
 184.6158418390175,
 187.697809298681,
 189.3104670017456,
 182.9415075573678,
 202.5876479676206,
 193.2641745020022,
 172.607740739368,
 185.6620495480491,
 194.9593377752765,
 175.4857886882064,
 185.309592728576,
 195.4197559568109,
 194.8063030442379,
 197.2251022145075,
 196.12143783315,
 184.3339260513518,
 187.10173490158,
 197.312444664648,
 188.9207346355156,
 181.3997775893521,
 189.1456209062398,
 208.4862080633916,
 186.1168188216588,
 187.3749708757935,
 198.1268198645344,
 178.6934424551426,
 186.276997992041,
 186.9413657734926,
 182.6088590809069,
 204.5923957385551,
 193.5595528717372,
 189.173072290322,
 175.352565944072,
 176.687903327826,
 168.627351670908,
 183.510689540001,
 199.3674321084993,
 186.821222588441,
 179.7691704182447,
 190.785080475603,
 188.027609673807,
 198.8919328977251,
 191.4308752506289,
 180.9268959971855,
 178.985792813267,
 176.3523350235621,
 190.2985049713511,
 178.396359439708,
 190.2930663064573,
 176.891721038643,
 191.5131265374274,
 190.5323703959733,
 186.0724716109258,
 192.6745475434934,
 165.1284363238825,
 181.1784832237948,
 182.3101488996108,
 187.580617918857,
 201.777899943436,
 186.696203714096,
 182.1911282159677,
 180.4771595230774,
 192.5658220743659,
 187.5632674230576,
 180.7157328774541,
 187.8484642028749,
 179.223876905733,
 199.1760466428533,
 190.222050754044,
 173.0939805533895,
 177.5951374335881,
 190.346194809184,
 177.8747332294716,
 170.132564270668,
 198.7811921230249,
 184.4984532231405,
 181.5130520858089,
 191.865490344418,
 186.1860134870436,
 184.951402401256,
 193.9329615980928,
 184.8999162568849,
 182.3278256632448,
 177.2242321537989,
 191.290987614,
 181.8978826761,
 197.7060517737759,
 176.2898225212614,
 192.8410590134801,
 176.9226372271745,
 187.1568645266161,
 184.9947608673701,
 180.648605962944,
 188.6579792279984,
 200.6288995513373,
 189.9968479010432,
 184.184646581359,
 180.2155119804352,
 190.5094281524578,
 181.43373273309,
 175.2867439286895,
 174.0342070004862,
 178.498035690492,
 186.1139610339718,
 187.5624258631818,
 181.584405829261,
 182.3785680035736,
 193.6530842146058,
 171.8864078014239,
 181.9041490142379,
 184.8209218104518,
 179.7923456181726,
 187.3463116110698,
 180.5557683363154,
 199.7906763933427,
 181.396174139704,
 194.193167809531,
 187.797851639308,
 183.2422441074371,
 176.1656980271019,
 191.4205740583827,
 184.5408137648746,
 186.3598366124399,
 188.072600281044,
 206.7780901295331,
 181.195990848075,
 193.1196434150337,
 188.1150483606693,
 193.1120808187997,
 187.7205982342438,
 188.026254753312,
 191.043691514863,
 190.8928584159878,
 185.095728043188,
 176.6550425377923,
 190.071185302664,
 185.3238193019922,
 186.9681418922088,
 189.146964659254,
 182.7322794828402,
 187.6504333268429,
 177.3800045098707,
 189.9638574596243,
 184.5737137454822,
 195.296136471263,
 169.6437700379601,
 185.6136900103359,
 175.3293030363439,
 171.8664980628878,
 174.298465002429,
 173.391126807338,
 184.9722097613061,
 187.0445551614155,
 173.923127077063,
 186.0811688377419,
 182.988993001575,
 190.7045893367966,
 185.866325488059,
 173.8856475598768,
 193.3687619269895,
 180.0953936759395,
 182.4713087720799,
 189.6284174122905,
 183.66865729654862,
 186.53217083640973,
 190.9062392555842,
 184.3668132334364,
 178.74931129769726,
 191.8298226865355,
 178.7863385839936,
 178.29699353700497,
 191.85071772435157,
 189.9717165146454,
 191.50694124499108,
 190.26160890653662,
 183.6469239501666,
 178.58328175987413,
 184.59219005204423,
 191.10390794849638,
 186.15906408931394,
 183.56416620206375,
 190.65873844882182,
 190.64350076281053,
 190.69173002734593,
 186.6913434850394,
 190.27475394280629,
 179.86209644789417,
 179.31004192386354,
 185.78446395135956,
 190.86924436884343,
 189.7502246019675,
 185.78939431855164,
 178.19653402791394,
 183.89924964619942,
 179.80476841535642,
 187.19564729826294,
 180.15172893627604,
 191.00824138450918,
 191.21467683661572,
 178.25322678194215,
 186.5961520104394,
 184.11166479239424,
 190.11258345321409,
 183.77952639136123,
 190.0130678419577,
 179.50707145376418,
 184.73449221751477,
 185.29047334728511,
 186.5207770307296,
 184.26209501239205,
 184.16421350111654,
 186.26840799647746,
 187.1595708548333,
 185.4394035162451,
 191.3048048185423,
 186.12693959382207,
 183.76987834849402,
 178.51967867546574,
 186.51944151281907,
 191.61172405870164,
 182.92977820151802,
 191.10007891877262,
 184.85106031350665,
 185.55591373891397,
 189.83005707275356,
 190.22221429124446,
 182.538624136213,
 178.88087526625435,
 186.02885264040773,
 183.62163189145588,
 183.12082685227327]