[390.6728357155252,
 432.982411433799,
 387.860357772136,
 382.646675182521,
 344.762163862836,
 359.7414600883,
 336.715641802863,
 322.3529995383424,
 326.9015494550293,
 311.935894615114,
 292.996782853869,
 314.044505249053,
 326.018135484687,
 295.140501506376,
 297.0934063252276,
 270.50691314743,
 276.6954947990089,
 281.709788803199,
 314.72885769224,
 277.459264592288,
 270.482303293216,
 259.4798180230054,
 257.3251815845642,
 278.273892344282,
 258.3326989873695,
 244.5384647261463,
 258.286091897672,
 249.3230098981826,
 257.4402652788197,
 220.4380528784278,
 255.6968389812561,
 246.8813543471594,
 235.19792908511,
 231.6793739575363,
 252.7945584575167,
 219.1422930529922,
 219.7964624890533,
 231.5517954694104,
 248.0707689626572,
 212.2074409772129,
 225.423962628581,
 217.521402747452,
 249.459919203816,
 220.8073906408824,
 229.7398077582904,
 228.909194338363,
 225.1562127187017,
 215.9052026726602,
 219.866269208093,
 226.0214779239056,
 229.0799378494384,
 219.930134682957,
 219.8918557534897,
 220.2315514444691,
 211.14263604543,
 218.505710149455,
 222.3838131721298,
 220.5166692361282,
 212.068853128826,
 233.3046427663366,
 207.4198728491687,
 224.3646558266121,
 231.251682273018,
 220.9275434529605,
 208.7990481102447,
 217.6632808058482,
 228.156614504213,
 227.7342714206163,
 212.660967006587,
 225.19231675519,
 220.5858726144073,
 220.484540079565,
 206.3478036460306,
 232.7573214576521,
 233.3584000436122,
 207.439801540816,
 214.690623724776,
 224.532722051041,
 213.923592491023,
 223.002711155241,
 209.7923269927043,
 225.6724364457422,
 198.4212845190784,
 238.9504831797719,
 219.196407507624,
 250.6364300013676,
 201.667494138523,
 212.1530039557691,
 219.3916820851663,
 234.790737488272,
 210.0882637120636,
 207.2229712420841,
 235.5317031481381,
 198.7676642474734,
 220.9675090107685,
 219.7127425879606,
 215.374540473898,
 209.13431664936,
 215.320800184501,
 224.1158570890608,
 201.0179999871647,
 218.8822946577688,
 208.1819674662379,
 221.324815623969,
 226.049645220645,
 208.0407472694005,
 212.3154961330998,
 251.3947734643915,
 188.280756378672,
 203.4518283903432,
 205.6454708967039,
 198.3263749837034,
 225.172522870331,
 213.399300284548,
 218.5572516700968,
 214.0566548731673,
 210.4221065294419,
 215.771325349787,
 202.8664643307478,
 208.6202560196383,
 219.3351227145898,
 201.6649799963404,
 190.4300551097591,
 220.4068729188084,
 220.652220715321,
 192.223529180775,
 204.5827103622481,
 225.5991681793612,
 211.513165321209,
 214.8661960862011,
 195.5312731288855,
 215.8526376039405,
 233.6063472739131,
 239.913069617932,
 200.1866527183793,
 227.1259025029122,
 209.9231419816587,
 212.866855715826,
 244.3318685783549,
 224.9883726993896,
 231.654593730498,
 213.234557910187,
 208.2785633022053,
 201.967520574118,
 196.952151866977,
 202.9823269204801,
 205.1744564569769,
 228.325489094239,
 223.5727006944742,
 207.1656091885927,
 214.231707527009,
 221.1958976430377,
 211.9301510832589,
 194.8443330121935,
 191.3229663197729,
 220.588151256294,
 207.7745005650447,
 215.4069494950375,
 203.5742248679184,
 212.098505560137,
 224.0608105660893,
 214.8672565050512,
 219.7815136563146,
 185.9105969879012,
 223.3869592977104,
 201.0883196445362,
 207.6369750906899,
 199.9659470076772,
 214.3880925954492,
 200.393890660047,
 222.0627533449767,
 214.470864026459,
 217.5931507453867,
 204.686979030807,
 211.6362807403314,
 204.0774645412382,
 197.813702582126,
 204.462641500962,
 217.3973215331734,
 185.6839138070522,
 218.0360359232912,
 202.1965709294471,
 218.2399725334426,
 211.168577211097,
 205.9825043119158,
 220.950336706956,
 212.1762702960803,
 214.7411030184838,
 229.742335256239,
 214.2206799261922,
 204.0696859183791,
 217.7644330495255,
 199.3822998410982,
 209.014980537905,
 196.896308779918,
 219.2724595881882,
 200.1531890896458,
 227.6333030371794,
 206.5168879952249,
 186.5842558996203,
 222.7795629368565,
 208.50654087827,
 216.9045294932843,
 221.3552669247479,
 207.4250848708178,
 219.9189279199338,
 199.3578197285,
 204.2702318755732,
 215.0452720777184,
 214.4162406436316,
 203.330418440403,
 206.699253981972,
 211.25657432093,
 205.7955743196068,
 200.202313130051,
 212.2881656481988,
 204.6823390242303,
 186.094665097772,
 205.4595442764787,
 215.3515834196014,
 219.9904051081503,
 215.2721881595309,
 214.8793523205297,
 221.307125579033,
 211.2603533019171,
 208.6806151406557,
 207.2791892720587,
 222.4411613251416,
 220.2987935262624,
 205.6940693058295,
 225.071191387611,
 188.0165452639171,
 223.0153231583876,
 226.7224058196536,
 220.4204198550957,
 212.5493103053194,
 195.0471225286497,
 210.818384223073,
 209.5654375589443,
 212.374407087347,
 213.3363709560092,
 219.6837547095082,
 238.2515036615063,
 214.426563048457,
 215.0833928972937,
 220.6753128195045,
 216.1461337631607,
 217.8626498373234,
 220.4249772361644,
 215.041411144383,
 224.057079596595,
 220.5607087158981,
 211.4441647313858,
 201.2004888086532,
 214.6681716040095,
 217.240492277989,
 238.948082774786,
 196.8928185522229,
 210.4878935569576,
 212.458809581767,
 200.6299245576782,
 192.1804486170503,
 215.6414055599451,
 208.574941814933,
 208.125714809595,
 218.721515476738,
 239.53163969917,
 210.0134086340982,
 218.402589270299,
 196.44319008462,
 219.9096645222929,
 211.6790228673441,
 207.5584978535375,
 220.1800204109214,
 216.123723403476,
 229.917750215152,
 215.9315003585547,
 204.727055020324,
 207.6344911930373,
 211.9695993035543,
 217.4592226622668,
 226.6651849317058,
 191.2556215663637,
 228.417638769774,
 206.826847259732,
 207.9847360572,
 215.692276323329,
 252.7948587870079,
 194.687985960224,
 226.96869830908,
 204.2837139884312,
 216.3548500425508,
 204.2128678166915,
 216.139283826158,
 204.1380314893477,
 223.230418944532,
 200.9539159158811,
 205.5947738827918,
 244.009986077828,
 240.3480559604672,
 223.0429297580488,
 211.8437634946602,
 203.421675032198,
 193.8816666641016,
 197.0431778826796,
 209.2873226100456,
 212.0929782113283,
 210.2142184506419,
 219.404140415841,
 202.3533234600435,
 213.3211999421197,
 214.9114558467733,
 212.8165417527512,
 210.5957640815595,
 216.9588324424236,
 219.8656149759934,
 200.5372588233569,
 198.5324469281234,
 205.5250565019265,
 243.4452116002457,
 214.67807229234,
 234.3691079564071,
 201.6462973103949,
 206.940617454671,
 226.1057482365583,
 216.0362095455034,
 207.529286900996,
 221.977280054705,
 202.3834003650515,
 207.4833141290043,
 218.831688212265,
 204.8640308010457,
 229.022074992907,
 210.233715201813,
 208.3448697769471,
 208.30490310146,
 203.6574436259096,
 215.6539677507066,
 212.29394371713,
 196.7817638179195,
 217.3270293998983,
 219.978600925117,
 212.189691640788,
 196.5290517981989,
 210.9499067432044,
 204.61602674888,
 208.847350539095,
 216.16209996991,
 228.8023908522803,
 195.9114368433101,
 208.651051164578,
 275.590568510378,
 212.6427605024477,
 215.910514515716,
 201.5761000052547,
 225.0280111064687,
 222.5732197995224,
 218.7436698573341,
 208.922622070214,
 207.926745619103,
 207.7035809239725,
 211.282133672542,
 210.4857803535802,
 221.818015592858,
 213.6530443936598,
 223.5196858646685,
 211.3386939550938,
 200.758349857573,
 203.753850248766,
 212.9561934093423,
 217.9956390181463,
 209.632637752256,
 193.1443064302929,
 219.1184176362312,
 227.568946361347,
 225.3535237502706,
 212.2651721337484,
 217.8008097521205,
 195.321346258168,
 215.8671085676475,
 219.48810507913,
 210.8778287329074,
 221.319504458488,
 218.6492761615387,
 212.1001662798872,
 209.10466898265,
 242.0634767959083,
 211.02493072538,
 202.7810244396472,
 218.8730797996805,
 215.836317891795,
 202.8570632399978,
 234.682879719733,
 214.2363834934803,
 215.0354843513168,
 239.570166020396,
 209.4586418933616,
 209.1998011191088,
 225.9632104551724,
 236.81617049494]